name: pca-dimensionality-reduction-env
channels:
  - conda-forge
dependencies:
  - asttokens=3.0.0=pyhd8ed1ab_1
  - bzip2=1.0.8=h2466b09_7
  - ca-certificates=2025.1.31=h56e8100_0
  - colorama=0.4.6=pyhd8ed1ab_1
  - comm=0.2.2=pyhd8ed1ab_1
  - cpython=3.13.1=py313hd8ed1ab_105
  - debugpy=1.8.12=py313h5813708_0
  - decorator=5.1.1=pyhd8ed1ab_1
  - exceptiongroup=1.2.2=pyhd8ed1ab_1
  - executing=2.1.0=pyhd8ed1ab_1
  - importlib-metadata=8.6.1=pyha770c72_0
  - ipykernel=6.29.5=pyh4bbf305_0
  - ipython=8.32.0=pyh9ab4c32_0
  - jedi=0.19.2=pyhd8ed1ab_1
  - jupyter_client=8.6.3=pyhd8ed1ab_1
  - jupyter_core=5.7.2=pyh5737063_1
  - krb5=1.21.3=hdf4eb48_0
  - libexpat=2.6.4=he0c23c2_0
  - libffi=3.4.2=h8ffe710_5
  - liblzma=5.6.4=h2466b09_0
  - libmpdec=4.0.0=h2466b09_0
  - libsodium=1.0.20=hc70643c_0
  - libsqlite=3.48.0=h67fdade_1
  - libzlib=1.3.1=h2466b09_2
  - matplotlib-inline=0.1.7=pyhd8ed1ab_1
  - nest-asyncio=1.6.0=pyhd8ed1ab_1
  - openssl=3.4.0=ha4e3fda_1
  - packaging=24.2=pyhd8ed1ab_2
  - parso=0.8.4=pyhd8ed1ab_1
  - pickleshare=0.7.5=pyhd8ed1ab_1004
  - pip=25.0=pyh145f28c_0
  - platformdirs=4.3.6=pyhd8ed1ab_1
  - prompt-toolkit=3.0.50=pyha770c72_0
  - psutil=6.1.1=py313ha7868ed_0
  - pure_eval=0.2.3=pyhd8ed1ab_1
  - pygments=2.19.1=pyhd8ed1ab_0
  - python=3.13.1=h071d269_105_cp313
  - python-dateutil=2.9.0.post0=pyhff2d567_1
  - python_abi=3.13=5_cp313
  - pywin32=307=py313h5813708_3
  - pyzmq=26.2.1=py313h2100fd5_0
  - six=1.17.0=pyhd8ed1ab_0
  - stack_data=0.6.3=pyhd8ed1ab_1
  - tk=8.6.13=h5226925_1
  - tornado=6.4.2=py313ha7868ed_0
  - traitlets=5.14.3=pyhd8ed1ab_1
  - typing_extensions=4.12.2=pyha770c72_1
  - ucrt=10.0.22621.0=h57928b3_1
  - vc=14.3=h5fd82a7_24
  - vc14_runtime=14.42.34433=h6356254_24
  - vs2015_runtime=14.42.34433=hfef2bbc_24
  - wcwidth=0.2.13=pyhd8ed1ab_1
  - zeromq=4.3.5=ha9f60a1_7
  - zipp=3.21.0=pyhd8ed1ab_1
  - pip:
      - altair==5.5.0
      - attrs==25.3.0
      - black==25.1.0
      - click==8.1.8
      - contourpy==1.3.1
      - cycler==0.12.1
      - filelock==3.18.0
      - fonttools==4.55.8
      - fsspec==2025.3.0
      - imageio==2.37.0
      - isort==6.0.1
      - jinja2==3.1.6
      - joblib==1.4.2
      - jsonschema==4.23.0
      - jsonschema-specifications==2024.10.1
      - kiwisolver==1.4.8
      - lazy-loader==0.4
      - llvmlite==0.44.0
      - markupsafe==3.0.2
      - matplotlib==3.10.0
      - mpmath==1.3.0
      - mypy-extensions==1.0.0
      - narwhals==1.30.0
      - networkx==3.4.2
      - numba==0.61.0
      - numpy==2.1.0
      - opencv-python==4.11.0.86
      - pandas==2.2.3
      - pathspec==0.12.1
      - pillow==11.1.0
      - prince==0.16.0
      - pynndescent==0.5.13
      - pyparsing==3.2.1
      - pytz==2025.1
      - referencing==0.36.2
      - rpds-py==0.23.1
      - scikit-image==0.25.2
      - scikit-learn==1.6.1
      - scipy==1.15.1
      - seaborn==0.13.2
      - setuptools==76.0.0
      - sympy==1.13.1
      - threadpoolctl==3.5.0
      - tifffile==2025.3.13
      - torch==2.6.0
      - torchaudio==2.6.0
      - torchvision==0.21.0
      - tqdm==4.67.1
      - tzdata==2025.1
      - umap-learn==0.5.7
